  1  10  18  13 1
  2  22  26  12 1
  3  39  30  14 2
  4  30  16   7 2
  5  12  24  18 1
  6  32  19  17 2
  7   9  23  12 1
  8  31  18   8 1
  9  16  19   0 1
 10  40  17   4 1
 11  16  28  11 2
 12  38  12   0 2
 13  34  11  11 1
 14  15  28   3 2
 15  16  28  19 1
 16   9  21  14 1
 17   5  23  10 1
 18   9  20  20 2
 19  19  19  10 1
 20  35  10  12 1
 21  14  12  18 1
 22   5  27  10 1
 23  40  26  18 2
 24   7  14  14 1
 25  31  13  18 2
 26  14  24  19 1
 27  29  28  12 1
 28  34  10   2 2
 29  37  14  12 2
 30  34  22  15 1
 31  15  28   5 1
 32  40  18   9 1
 33  40  29   8 1
 34  26  20   1 1
 35   8  24  10 2
 36  18  12  12 2
 37  10  15  16 1
 38  34  13  17 1
 39   7  20  12 1
 40   5  30   9 2
 41  27  27   9 2
 42  25  25   1 2
 43   7  21   1 1
 44  19  26  18 2
 45  29  25  12 1
 46   6  19  11 2
 47  35  18  12 1
 48  24  15  11 2
 49  29  23  20 2
 50  23  12   7 1
